addl <- 
c(14, 0, 0, 0, 0, 0, 0, 0, 0, 0, 0, 0, 0, 0, 0, 0, 0, 0, 0, 0, 0,
0, 0, 0, 0, 0, 0, 0, 0, 0, 0, 0, 0, 0, 0, 0, 0, 0, 0, 0, 0, 0, 0, 0, 0, 0,
0, 0, 0, 0, 0, 0, 0, 0, 0, 0, 0, 0, 0, 0, 0, 0)
amt <- 
c(80000, 0, 0, 0, 0, 0, 0, 0, 0, 0, 0, 0, 0, 0, 0, 0, 0, 0, 0, 0,
0, 0, 0, 0, 0, 0, 0, 0, 0, 0, 0, 0, 0, 0, 0, 0, 0, 0, 0, 0, 0, 0, 0, 0, 0,
0, 0, 0, 0, 0, 0, 0, 0, 0, 0, 0, 0, 0, 0, 0, 0, 0)
cmt <- 
c(1, 2, 2, 2, 2, 2, 2, 2, 2, 2, 2, 2, 2, 2, 2, 2, 2, 2, 2, 2, 2,
2, 2, 2, 2, 2, 2, 2, 2, 2, 2, 2, 2, 2, 2, 2, 2, 2, 2, 2, 2, 2, 2, 2, 2, 2,
2, 2, 2, 2, 2, 2, 2, 2, 2, 2, 2, 2, 2, 2, 2, 2)
cObs <- 
c(250.270547933715, 438.139060480237, 542.841710935569,
1152.57807127774, 910.937032959511, 1179.94884918346, 875.63576907948,
764.347989345374, 499.224201462209, 297.721972079235, 194.480990398236,
163.708680172388, 479.594530528137, 650.119485268362, 848.621746302468,
1221.84642420272, 1284.33611355681, 1330.84166959168, 936.599110873683,
764.912966444085, 588.868680435238, 477.526021599818, 366.454925519202,
244.194269744478, 261.206065383744, 290.461023993757, 325.237669999453,
334.55121413051, 395.663360343113, 321.127682841434, 386.436652167629,
364.843424851081, 366.803736354111, 450.898528838635, 405.272467196418,
453.287538889927, 646.384059271483, 931.178645202335, 1034.73437918951,
1383.1246238961, 1257.01059639293, 1390.79355030258, 1343.72334362507,
1109.96183141864, 864.179584706792, 775.35455339802, 467.935100365796,
440.196145644363, 339.267639539254, 274.30465037025, 193.346226002309)
evid <- 
c(1, 0, 0, 0, 0, 0, 0, 0, 0, 0, 0, 0, 0, 0, 0, 0, 0, 0, 0, 0, 0,
0, 0, 0, 0, 0, 0, 0, 0, 0, 0, 0, 0, 0, 0, 0, 0, 0, 0, 0, 0, 0, 0, 0, 0, 0,
0, 0, 0, 0, 0, 0, 0, 0, 0, 0, 0, 0, 0, 0, 0, 0)
ii <- 
c(12, 0, 0, 0, 0, 0, 0, 0, 0, 0, 0, 0, 0, 0, 0, 0, 0, 0, 0, 0, 0,
0, 0, 0, 0, 0, 0, 0, 0, 0, 0, 0, 0, 0, 0, 0, 0, 0, 0, 0, 0, 0, 0, 0, 0, 0,
0, 0, 0, 0, 0, 0, 0, 0, 0, 0, 0, 0, 0, 0, 0, 0)
iObsPD <- 
c(28, 32, 36, 52, 53, 54, 55, 56, 57, 58, 59, 60, 61, 62)
iObsPK <- 
c(2, 3, 4, 5, 6, 7, 8, 9, 10, 11, 12, 13, 14, 15, 16, 17, 18,
19, 20, 21, 22, 23, 24, 25, 26, 27, 28, 29, 30, 31, 32, 33, 34, 35, 36,
37, 38, 39, 40, 41, 42, 43, 44, 45, 46, 47, 48, 49, 50, 51, 52)
neutObs <- 
c(5.33863548455513, 4.3215421519921, 4.29411240427983,
3.05196310093573, 2.31230833342168, 2.21299929680496, 1.89602466311127,
2.48513268855493, 3.67203174446491, 4.08977525145698, 5.60393027877428,
5.71444493639893, 5.5726841845829, 5.09484746672013)
nEvent <- 62
nObsPD <- 14
nObsPK <- 51
rate <- 
c(0, 0, 0, 0, 0, 0, 0, 0, 0, 0, 0, 0, 0, 0, 0, 0, 0, 0, 0, 0, 0,
0, 0, 0, 0, 0, 0, 0, 0, 0, 0, 0, 0, 0, 0, 0, 0, 0, 0, 0, 0, 0, 0, 0, 0, 0,
0, 0, 0, 0, 0, 0, 0, 0, 0, 0, 0, 0, 0, 0, 0, 0)
ss <- 
c(0, 0, 0, 0, 0, 0, 0, 0, 0, 0, 0, 0, 0, 0, 0, 0, 0, 0, 0, 0, 0, 0,
0, 0, 0, 0, 0, 0, 0, 0, 0, 0, 0, 0, 0, 0, 0, 0, 0, 0, 0, 0, 0, 0, 0, 0, 0,
0, 0, 0, 0, 0, 0, 0, 0, 0, 0, 0, 0, 0, 0, 0)
time <- 
c(0, 0.083, 0.167, 0.25, 0.5, 0.75, 1, 1.5, 2, 3, 4, 6, 8,
12.083, 12.167, 12.25, 12.5, 12.75, 13, 13.5, 14, 15, 16, 18, 20, 24, 36,
48, 60, 72, 84, 96, 108, 120, 132, 144, 156, 168.083, 168.167, 168.25,
168.5, 168.75, 169, 169.5, 170, 171, 172, 174, 176, 180, 186, 192, 240,
288, 336, 384, 432, 480, 528, 576, 624, 672)
