N <- 10
x <- 
c(5.48344527371228, 0.236651166342199, 2.98556734109297, 6.83335479814559,
5.12677158694714, 3.59360438073054, 8.80355785600841, 2.63436003820971,
8.57051772996783, 6.86437232419848)
y <- 
c(42.0992343751846, 25.3868717071302, 31.3993806095792, 44.0410545094702,
41.6224168792072, 30.9828569821427, 48.0969507566628, 30.8692267657064,
49.5972381353831, 42.3047329412411)
