y0_mu <- 2.513159
y0_1 <- c(3.4832666, 1.3845716, 2.5469569, 2.0086794, 0.2509704,
          1.6736497, 0.9895221, 2.2899381)
sigma <- 0.2582278
