y0_mu <- 1.991472
y0_1 <- c(3.7003121, 1.7802538, 2.4251959, 0.2018417,
          4.0098662, 1.6658634, 2.7128753, 3.1357649)
sigma <- 0.4699450
