nId <- 19
nt <- 38
nPNObs <- 13
nPNCens <- 6
iPNObs <- c(2,4,6,8,10,12,14,20,22,24,26,30,32)
iPNCens <- c(16,18,28,34,36,38)
amt <- c(1200,0,1200,0,1200,0,1200,0,1200,0,1200,0,1200,0,1200,0,1200,0,1200,0,1200,0,1200,0,1200,0,1200,0,1200,0,1200,0,1200,0,1200,0,1200,0)
rate <- c(0,0,0,0,0,0,0,0,0,0,0,0,0,0,0,0,0,0,0,0,0,0,0,0,0,0,0,0,0,0,0,0,0,0,0,0,0,0)
ii <- c(504,0,504,0,504,0,504,0,504,0,504,0,504,0,504,0,504,0,504,0,504,0,504,0,504,0,504,0,504,0,504,0,504,0,504,0,504,0)
addl <- c(5,0,5,0,5,0,5,0,5,0,5,0,5,0,5,0,5,0,5,0,5,0,5,0,5,0,5,0,5,0,5,0,5,0,5,0,5,0)
cmt <-  c(1,1,1,1,1,1,1,1,1,1,1,1,1,1,1,1,1,1,1,1,1,1,1,1,1,1,1,1,1,1,1,1,1,1,1,1,1,1)
evid <- c(1,0,1,0,1,0,1,0,1,0,1,0,1,0,1,0,1,0,1,0,1,0,1,0,1,0,1,0,1,0,1,0,1,0,1,0,1,0)
start <- c(1,3,5,7,9,11,13,15,17,19,21,23,25,27,29,31,33,35,37)
end <-  c(2,4,6,8,10,12,14,16,18,20,22,24,26,28,30,32,34,36,38)
time <- c(0,1277.06692201103,0,953.072087133589,0,1309.37176795762,0,1521.55446861437,0,1211.80741624228,0,1467.60116861099,0,975.583684404184,0,3024,0,3024,0,1856.81116146016,0,1315.60235460012,0,2139.70617206974,0,1984.56449056426,0,3024,0,860.206795113236,0,2804.51994443576,0,3024,0,3024,0,3024)
CL <- c(0.00334894125826476,0.00385582514355155,0.00537566937361782,0.00472956723700421,0.00418379328280317,0.00468542241443291,0.00509741239546968,0.00509607207057106,0.00604802536915267,0.0065505997967793,0.00506922730327715,0.00795586713654747,0.00444480384543793,0.00685280370894779,0.00701448725436476,0.00661456599216552,0.00666311265247565,0.00619219105407599,0.00293613508199109)
V <- c(0.233369065997579,0.254159211279694,0.435688828381693,0.236904342714777,0.291943352024651,0.219421073469658,0.283822388575315,0.301702359606342,0.183495562899181,0.374238488710107,0.18805419847376,0.205411690467813,0.219546250842657,0.244985166526537,0.236966935480348,0.251953606356803,0.264406857849611,0.332514080155373,0.198791007968926)

